[scatter.JPG]
filters=fill=1,0.747664;finetune2=1,0.099415,0.072982,0.056140,00000000,0.000000;
moddate=0000dd32dfd40000
width=593
height=538
textactive=0
[scatter.1.jpg]
filters=finetune2=1,0.204678,0.064561,0.000000,00000000,0.000000;
moddate=0000d333dfd40000
width=593
height=538
textactive=0
